1,Arroz integral cozido,70.1,124,517,2.6,1.0,NA,25.8,2.7,0.5,5,59 
2,Arroz integral cru,12.2,360,1505,7.3,1.9,NA,77.5,4.8,1.2,8,110 
3,Arroz tipo 1 cozido,69.1,128,537,2.5,0.2,NA,28.1,1.6,0.1,4,2 
4,Arroz tipo 1 cru,13.2,358,1497,7.2,0.3,NA,78.8,1.6,0.5,4,30 
5,Arroz tipo 2 cozido,68.7,130,544,2.6,0.4,NA,28.2,1.1,0.1,3,6 
6,Arroz tipo 2 cru,13.2,358,1498,7.2,0.3,NA,78.9,1.7,0.4,5,29
7, Aveia flocos crua, 9.1, 394, 1648, 13.9, 8.5, NA, 66.6, 9.1, 1.8, 48, 119
8, Biscoito doce maisena, 3.2, 443, 1853, 8.1, 12.0, NA, 75.2, 2.1, 1.5, 54, 37
1, 0.63, 106, 0.3, 1, 75, 0.02, 0.7, NA, , , 0.08, Tr, 0.08, Tr, ,
2, 2.99, 251, 0.9, 2, 173, 0.07, 1.4, NA, , , 0.26, Tr, 0.18, 4.18, ,
3, 0.30, 18, 0.1, 1, 15, 0.02, 0.5, NA, , , Tr, Tr, Tr, Tr, ,
4, 1.03, 104, 0.7, 1, 62, 0.11, 1.2, NA, , , 0.16, Tr, 0.07, 1.12, ,
5, 0.37, 22, 0.1, 2, 20, 0.04, 0.5, NA, , , Tr, Tr, Tr, Tr, ,
6, 0.83, 82, 0.6, 1, 57, 0.05, 1.3, NA, , , 0.16, Tr, 0.05, 0.92, ,
7, 1.89, 153, 4.4, 5, 336, 0.44, 2.6, NA, , , 0.55, 0.03, Tr, 4.47, 1.4,
8, 0.78, 166, 1.8, 352, 142, 0.17, 1.0, NA, , , 1.01, 0.42, 0.23, 3.91, 6.2,
